v
44.52046208298828
94.67573838938586
38.9558525383818
21.84619804312717
47.037713727890626
134.8852477462001
236.4717514890582
86.17307657710721
96.95250200861328
213.54411561603843
130.21746101671732
126.73356159202149
171.41738502681534
216.60415574112125
263.0121402938498
126.82318318636067
439.66672452299207
248.76956522048067
120.21719466497939
48.72382088506511
276.63631427279404
581.5075318614322
166.7238152526396
252.25496019314343
59.826947206976996
96.82760613837456
106.02379820808954
135.41830641628147
304.1438163502398
322.82741255242735
279.0700767936914
385.97649474912646
284.92617607137504
337.4278289530022
275.61627985319984
614.9959527695617
73.70056851247938
217.6588545858409
193.9355936401986
211.40874949307292
125.82517943924914
287.69682693955184
635.9883849446028
412.5431053934017
115.17700481288736
185.5756890789779
325.61657261135326
99.41357095034215
157.86844229046767
206.27727034600696
76.42477037360953
307.600303878657
284.6956334103177
305.9359487049233
155.7463279175065
383.0939542739974
841.8196174637634
149.6940593480675
359.2655472867925
58.84827592924805
283.957566614682
307.6700193436277
276.25392996867254
320.49214343116586
198.15134511363138
180.76464612855762
289.64295303592525
80.76603223674152
288.83911220668404
266.52088970673685
857.7092575916222
168.86328903187825
384.03340420749674
660.7856261682173
120.94303827317073
367.51900522597526
341.0264862900834
341.0264862900834
341.0264862900834
508.30705287726244
298.07928261289584
265.7806343481392
164.9108313581551
594.3570254474437
740.8089549743876
177.54230427613703
740.5872846620234
313.12019498857387
72.45636830410218
566.7379234536198
753.8931137728658
618.8644989136496
386.57576094372274
347.06107742961063
399.544120388763
431.94794444787715
416.73622989892607
719.8555620994382
487.25901164020337
26.521958734520048
803.0014072010764
241.1291614916766
319.14477892407615
679.2721186687988
719.507658478833
549.6651803513715
160.11041113841148
267.8942502140191
371.50847972391864
288.25065553812004
306.6411125970536
516.8076674526482
628.3906501758172
109.67675215221726
540.816458853926
582.7015518630866
452.0966783573971
200.3393537814261
219.21554651268355
260.9322251296503
291.5503950609022
604.1059290461837
292.5321279492572
84.44284606775297
102.57669394058159
397.9776680740749
643.470341575933
136.9171322676513
242.50714126038937
828.6163828456347
409.40199052603083
290.43735420524416
515.8285230065289
218.2472671878939
0.0
147.21224317279732
387.34265512225153
83.07620894042209
0.0
252.54804714523223
674.1692493232259
21.06352130665256
269.66737131059784
361.3186132104298
377.9798780447276
551.38169000472
710.5483539751115
214.0756329853927
27.605763262595488
175.07356868373589
574.6350964266294
264.5053262850782
430.8228990594987
254.20101409784397
476.6927276456738
109.73616720049262
458.33994076354054
740.5947447921966
387.4713252678889
309.6074922580837
378.90142311382056
626.3156526672815
429.31157997268554
544.3671373259957
582.4527298940852
342.63033411556745
195.6703306604568
557.420892206238
818.302343963788
233.2453156683312
99.43012830690755
436.54067221809896
465.31229581779945
387.4711284281738
231.66890386526893
584.6700128620399
313.5864767934299
0.7107734203342013
530.2741505665028
272.79979162252494
352.9158735953754
587.560687006411
569.5902931623499
179.32366745219727
351.26963381398434
532.6166154959993
461.0219027077427
518.7800714426996
535.0900725308833
529.5651958492151
272.4016497473123
490.9034685627525
490.15757444417534
215.47292582839313
792.4059471886497
918.0319128544683
259.24349821842094
131.2443287945347
357.1323906648773
242.42074427210304
407.49914821845954
160.94710161726806
214.71370395825926
818.6335643844709
46.557582165503476
683.074205796191
672.1296065824965
370.45737018593746
215.5196694824942
275.77559611367826
1106.8449226872353
305.648400914499
