v
60.36832021083333
34.420207214375004
0.0
0.0
0.0
68.06180063875
0.0
0.0
0.0
0.0
68.73096717208334
0.0
0.0896354159375
0.0
0.0
106.01022694875
82.20114402760417
81.89334440257812
82.2401776626302
82.66215677260416
153.12658386268228
82.28942009604167
83.25919307096355
83.13791249588542
83.56048262932292
144.02597184432292
83.84527123807293
83.63419078210937
83.1828784628646
147.76638580994793
82.89804191625
82.22149051020834
81.71608975726562
63.93075641304688
72.358863354375
0.0
0.0
0.0
0.0
11.528749593125
357.75124621585934
459.09200013471354
372.4584396363802
62.246863047395834
0.0
0.0
0.0
0.0
0.0
0.0
0.0
0.0
0.0
0.0
0.0
136.67539316833333
261.30831527726565
271.3022563002257
181.01902974471355
12.896885172604167
15.816645558750002
12.8743535359375
0.0
12.977884928333333
12.719270578958332
17.288103739375
0.0
0.062322916666666665
0.0
0.0
0.0
0.0
0.0
0.0
0.0
0.0
0.0
0.0
0.0
0.0
0.0
0.0
0.0
0.0
27.16833267197917
81.75599349341145
81.76337321619792
81.52146077690104
81.72679764458333
82.60308911005208
82.62191966359374
5.147786458333333
0.0
0.0
0.0
0.0
0.0
0.0
0.0
0.0
0.0
0.0
0.0
0.0
0.0
0.721427068515625
0.9009374800000001
0.0
0.0
201.703297106875
224.37118943533855
225.14079170223957
224.54066975906252
240.69518725070313
9.9352598996875
0.016687499375
0.009416666145833334
0.5246770655729167
0.1330104134375
0.21257812242187502
0.00018749999999999998
0.4449479086458334
0.23404166406250002
0.3708958255208333
0.159218748671875
0.43012499114583336
0.10014583166666664
0.27251041312499996
0.0
143.46286048867188
159.2553293861719
158.75346450765625
159.12462425234375
221.0585488638021
244.4156239507552
238.39707473140626
23.5293618928125
0.0
0.0
132.0388068517448
293.5046248119271
488.50561269119794
486.4228877382291
486.7650528592448
480.5814949669271
479.5327306744011
486.41063276958334
484.56701145197917
480.154983139349
305.4538630803385
227.44882399270833
229.14829444916666
44.22701975499999
0.0
0.0
155.84454638177084
165.52314694690105
166.14178358690103
166.32866840338542
179.79900169375
335.78475303632814
307.4952451823177
170.9498505270052
170.14662125942706
169.29777018197916
169.9349683126823
171.65227718380208
128.8985487616927
14.130051930729167
11.304489410416666
3.097658907083334
14.384978783854166
14.282916388854167
14.184658872526041
15.874811861901042
14.456887393203125
14.546874582708334
14.229541406875
13.199176854374999
14.414531262395833
14.175781034375001
62.79515530020833
14.311814780104166
15.313155746458335
98.94579976375
249.3691447576302
250.61631451403647
249.28866119382812
247.53407459234373
244.4492835998177
247.57341353111977
215.67466138197918
0.0
0.0
0.0
0.0
70.5930195821875
0.0
56.52433493908854
178.43313732096354
77.4844358125
76.19011605544272
0.0
0.0
0.0
8.069385027916667
0.0
76.1306538896875
252.7735106147396
253.76657288875
255.8080369950521
254.41193180052085
251.83650499994792
254.54694608070312
256.0253059390104
4.266156260208333
0.0
0.0
0.0
0.0
0.0
51.470175608125004
126.98929990151042
43.422239176562506
262.2945744834896
263.7579678858073
259.6434908550521
259.59734039341146
260.6234299977604
261.5772534689583
259.71345354721353
259.25385945640625
276.62965520247394
477.88599160565104
361.6929023425
337.7969058354427
337.98335491820313
342.0880542121875
341.8476881029948
340.7911377911719
340.51516879424474
339.49020821223957
339.45064608315107
339.5835576691667
100.33077948901041
82.51364399598958
62.06187594976563
7.311179470755209
54.266063944375
81.65424792010417
81.85598510080729
132.32206217453125
333.5965504325
329.16919066916665
81.22792243976562
80.617893950625
141.3608950159896
126.12484874442708
71.15106943226316
0.0
0.0
0.0
0.0
0.0
0.0
0.0
0.27010415708333335
0.5220781231510417
0.6068229029166666
0.076497393359375
0.0
0.022166665416666665
53.134868786067706
82.03936603554688
138.6988718545052
167.5044110109375
168.4083449663802
193.03161469229167
387.8370871579948
387.8918164020313
383.5967103392448
373.9450767279427
307.37206313718747
254.4840054990104
141.72212444494792
0.016291666458333333
0.16584374770833332
0.2593124983333333
0.0
0.0
0.0
0.0
0.0
0.0
0.0
0.3391145785416667
0.0
17.047382545390622
170.3539077125
170.86354776979167
144.5099127448177
224.5401278183854
235.03645353304685
238.29393984427085
456.4781208460417
415.3225481781771
415.18109149927085
416.9232420595052
415.09338054638016
417.54762528744794
232.51300303153644
143.97384264846355
0.0
0.15503124197916665
0.38792708312499996
0.43176040458333337
0.25488541239583334
0.6323854079166666
0.07137499708333332
82.11776871302084
258.41705770015625
292.49992341177085
512.7397644603125
511.2696868265625
514.8767582761978
516.0387033526303
462.12750498463544
338.39929529869795
257.56772549979166
257.51789309197915
344.68045317343746
288.3546115240972
248.16162217500002
249.47667910268228
62.320925648854164
0.0
0.0
0.0
0.0
0.0
0.0
0.0
0.0
0.0
0.0
0.0
226.88957888294271
294.66547819760416
497.0668656668229
749.2525203707031
749.7255858739322
826.0549056048958
827.1557525952863
730.5772047920053
587.9911056957812
414.88797552403645
190.7785939535156
83.16769069010417
83.56988379554687
50.508225409218745
0.0
0.0
0.20430207406249998
0.023999998541666668
0.5629817597395833
0.0061354165625
0.6492708214843751
0.0
0.34118749666666665
0.15270833177083334
61.62816861471354
307.88521698567706
485.4041470325
487.2937052835677
485.3547701867187
482.7310599891667
295.6559268794792
41.90475972489583
0.0
0.0
0.0
74.64807128874999
159.38448028544272
159.92550430291666
161.06825383471354
160.07677008304685
160.6860065459375
160.5436000188021
136.1390728810156
0.0
0.0
237.03764063510417
474.0354603451042
473.47706762981767
694.6410533547743
1589.029294873203
1813.9622789805728
1789.7351389578646
1351.2257923514844
282.0636314034115
681.9823170988542
313.02022213760415
0.0
0.0
0.0
0.0
0.0
0.0
0.0
0.0
0.0
0.0
0.0
0.0
75.9241181054948
214.02585220328126
304.3171803791667
488.03715546968755
571.6626352313282
897.1466858553646
996.4880954749739
755.5156377113021
393.44997979401046
130.5306400846875
14.075335406588541
45.18778831395833
10.654874928749999
16.9315544128125
278.93175380242184
258.23381042505207
260.131040191875
259.2254275007812
261.14566625026043
116.54247639979167
12.931093343125
12.933218892395834
16.789916229270833
17.006082916354167
12.868906148229167
18.970213063463543
118.92192560833332
440.41621856669275
619.1261833495313
566.0694446567708
358.3601757053386
146.71033986427082
15.8137710571875
13.105796632578125
12.849239095
12.8177391053125
38.343975321536455
15.8285517375
12.929187459166668
12.966478983541668
17.32341613770833
14.442655436145833
12.942781066875
0.0
0.0
0.0
0.0
73.74227361674478
0.0
28.037100633046872
0.0
0.0
190.111768595625
649.7549794519272
214.78279787734377
0.0
0.0
0.0
0.0
0.0
0.0
0.0
0.0
0.0
0.0
0.0
0.0
0.0
0.0
0.0
0.0
0.0
0.0
160.80529658989585
642.7156893414583
644.4749852503386
623.3712580366927
400.9093353645573
275.4037201883594
214.58577168752606
215.97642485328126
215.33239396432293
318.9941867603906
520.5713980994532
710.8734497080209
553.6413480126822
361.5023831690364
259.67857131984374
259.7302492783594
260.70508092283853
259.03431676221356
64.27070954653647
5.287947845520834
17.28610331229167
17.160790730520834
21.345603434375004
12.875051371354168
12.660260009791665
119.11728102367188
286.9932039901042
283.33215255760416
283.53017044140626
899.9162136798699
1019.3502605450781
1217.0941201973699
1844.5210133245052
2702.7166094796353
1752.3255211309115
1528.7526073365104
1345.9876279836199
213.3609170913802
49.26228288010416
0.0
0.0
0.0
0.0
0.0
0.0
0.0
0.0
0.0
0.0
0.0
0.0
0.0
969.8077419286197
1481.4021558839584
1543.83390774296
6.298270924895834
0.0
0.0
0.0
0.029489582916666663
0.0
0.0
0.0
0.0
0.0
0.0
0.0
0.0
0.0
0.0
0.0
0.0
0.0
272.0648044589063
539.3108604436458
540.025954564974
580.2587958023176
719.151295309271
612.2978202797135
430.06347819382813
240.76394199919272
1289.8988883242969
778.0029352401302
52.280270019166664
0.0
0.0
0.0
0.0
0.0
0.0
0.0
0.0
0.0
0.0
0.0
0.0
0.0
183.7917823796354
277.4711118069011
277.06731338489584
277.5167822517448
277.0165042877604
102.67451836867188
2.359020709791667
19.970952912109375
17.957413532812502
0.021333333124999996
0.0
0.0
0.0
0.0
0.0
0.0
0.0
0.0
0.0
0.0
0.0
0.0
0.0
0.0
178.13474629697916
276.5200515746354
536.9933611552084
552.1490276344792
513.8749772394532
202.14319979335937
10.24766118203125
19.5181321625
17.494976287291667
16.786413995052083
0.0
0.0
0.0
0.0
0.0
0.0
0.0
0.0
0.0
0.0
0.0
0.0
0.0
63.16017532364583
214.61339817057294
215.40030053507815
216.05327072161458
217.35607941898436
18.150728861458333
43.445217895625
0.0
0.0
0.0
55.997553253255205
259.2340305334896
259.66382559377314
259.73813158697914
258.5940193183854
259.23865242023436
242.33578020747396
12.945125039375
12.937093098958334
12.939780680416668
12.765718333020834
13.712822596145832
14.050874201458333
12.9724060059375
12.954509989479169
185.53671531726562
279.9872316363802
442.68419652822917
306.5646378836719
56.602672576927084
512.9819158422135
107.11317545572916
13.0075412353125
12.886479186979166
17.222854105625
12.962395304166668
198.77039031989582
640.2976839704687
257.2190641657031
100.92407051739583
0.0
0.0
0.0
0.0
21.779145220833332
142.53792839083334
0.0
0.0
0.0
94.01011250822917
296.19974479697913
272.82498207161456
288.5604997320573
1106.9623316296875
1259.1261733382032
1514.6143567735155
671.2810761981771
251.4242106761458
304.69638598796877
671.4278717046354
399.72051289916664
4.286260477708333
0.0
0.0
0.0
11.529426574791666
56.07831064854167
0.0
0.0
0.0
0.0
67.9990819296875
0.0
0.0
0.0
0.0
187.59915183520835
1262.1460938663542
1507.2019901603646
995.1202235539063
93.77378196684896
193.7532582861198
652.2912699388021
664.7563326520312
341.4417033512761
41.1495721021875
289.5202321371875
793.6612559005729
589.836216354375
8.4248020171875
0.0
0.0
0.0
0.0
0.0
0.0
0.0
0.0
0.0
28.08206227625
991.8102752688542
1798.7441106171354
1432.0789981848438
937.3566445604428
65.31646202502604
666.2119326973437
687.0762193959896
82.58033600552083
0.0
0.0
0.0
0.0
0.0
0.0
0.0
0.0
0.0
0.0
0.0
0.0
298.67307564015624
492.0120886494271
622.2034246451042
814.9459455919618
974.8688494685157
1094.0216764697918
808.9780869726563
484.7433111189584
487.14791889229167
317.09832365288196
228.16543900479166
19.1222914696875
187.70866438546875
1043.002689870703
773.3641256541406
443.9734079996875
156.18701171875
0.0
0.0
0.0
0.0
0.0
0.0
0.0
87.60413360583333
308.75908114161456
1849.3217101432813
2501.9114768979166
""
""
""
""
""
""
""
""
""
""
""
""
""
348.633595656875
348.79176902809894
305.52893069606773
101.02459405296877
97.85608372895832
98.5916623754948
96.57368491492188
267.6816374451042
630.6560013154427
1223.8546698017187
1329.0250574961544
1139.590956720026
522.9598565782894
469.4280068922396
197.31506671911458
0.0
161.78965936257813
269.2861690525
205.4340225808421
0.0
0.0
0.0
104.217194620625
184.54260355640625
0.0
0.0
0.0
0.0
0.0
0.0
0.0
229.31760660833334
642.1090993252343
642.2050148016407
642.1634429933073
855.4341098154428
858.0212641408334
529.2704602565885
309.5168393451302
213.15704663609372
312.1801603958594
223.82020537020833
286.1549281670573
188.8744152389323
11.6346559903125
154.67837914023437
257.88606974270834
258.3670185088802
256.54993807507816
258.1843250278646
259.45367736815103
258.96846694984373
56.11351954140625
15.793989054374999
12.918895467083333
29.434415944479166
215.0377092336198
529.2876027098698
715.9007371899739
688.4014033310938
596.3268193412761
1051.5277570098438
1266.6931185973438
892.4686871220573
1362.9901033408073
1207.7731630966666
688.3700711571875
690.2372484847136
993.7020401620833
1361.936976878776
712.7777898152344
639.054411570651
278.3344737369792
12.880447896354168
12.936228942916665
15.731791686979165
0.0
0.0
0.0
21.742874145520833
112.73975931802084
0.0
0.0
0.0
12.972614583229165
30.196799723307294
0.02244791625
0.0
93.02009204135418
434.47065455130206
437.2348940532292
306.5305657040625
0.0
0.0
0.0
0.0
0.0
0.0
0.0
0.0
0.0
60.42021223697916
191.5685813903125
292.8869973726823
948.3904477441146
532.1877710826302
304.8663327214583
380.43099107895836
558.2055254625001
561.0520064039583
558.0877665210156
346.32080177947915
280.3369678723698
209.05810839372396
0.0
0.0
0.0
0.0
0.0
0.0
0.0
0.0
0.0
0.0
0.0
0.0
0.0
0.0
0.0
0.0
48.51067504885416
273.6430521652344
273.9675193788021
274.1734254208333
268.77522417729165
70.3974563915625
567.5938189195052
763.9291392010937
1072.665675481927
840.1730236056251
200.62523757403645
0.0
0.0
0.0
0.0
0.0
0.0
0.0
0.0
0.0
0.0
0.0
614.474065908099
828.1113009134375
1499.0392056794533
917.6013842909375
350.2510284426042
603.7699225110938
209.14177869166667
0.0
51.42130139645834
0.0
0.0
0.0
0.0
0.0
0.0
0.0
0.0
0.0
0.0
0.0
0.0
0.0
0.0
0.0
469.0503585819792
647.6978724171354
649.3782030746614
647.5217155461459
576.3440434779948
29.8121134440625
0.0
0.0
0.0
0.0
0.0
0.0
0.0
0.0
0.0
0.0
0.0
0.0
0.0
0.0
0.0
0.0
0.0
182.82845662427084
646.9451609298437
891.4521760309375
546.6396122621094
479.6170255346615
655.241408234349
693.5127480192187
408.2538136802344
273.43651860570316
270.4298727672396
269.6183664963281
271.09645843533855
271.9380940760677
272.40600624096356
263.0208127342969
273.54012616510414
234.74718971257812
543.4658461257031
618.5037078863281
487.334145355599
108.61796894065104
0.0
0.0
0.0
0.0
16.943218485520834
274.95958925872395
1217.5631051389062
3061.7461971401044
2471.1160821038543
2672.4000486384634
1689.9642336217187
1302.896542900573
545.5268825216145
62.7908320109375
0.0
0.0
0.0
130.38720397968748
59.50563456208334
0.0
0.0
0.0
0.0
0.0
0.0
0.0
0.0
0.0
245.03844319645836
0.0
32.412585004166665
1038.5191782004688
2226.1552975983595
1598.085080814323
1392.85779139388
1235.3812852951303
942.0410510542969
777.0367440541927
396.2580941519271
17.2489786784375
0.0
0.0
0.0
0.0
0.0
0.0
0.0
0.0
0.0
0.0
0.0
131.37016349302084
656.0890271509896
656.0626261398437
178.0993087771875
17.030718485520833
27.565238952604165
29.336991246484374
24.02990570072917
17.214510091250002
15.339707885625002
47.72381235760417
86.7462457020052
219.51424064684898
220.85778477989584
218.6957265857552
208.12350343059896
10.448604083333334
0.0
0.0
0.0
0.0
0.0
430.678565725
181.07746734625002
0.0
0.0
0.0
290.0763553622135
498.53209902471355
262.5062414808854
153.2407475790625
62.04730046583333
270.6253972372136
316.7866343182292
272.8538466136458
299.90669072489584
325.6147493084896
271.98486391721354
273.51359926861977
272.4271288555729
271.9448506676302
271.9466618863282
273.5150051120052
273.3415214543229
273.45355885825524
270.15562070223956
240.51991030367188
17.053468322604164
392.3639821370834
732.6269627895832
807.8548462779912
772.4131745659115
280.5759407046875
280.70453249627604
281.1195370997396
279.586767833099
278.77709528645835
163.29955075328124
0.058289061171874997
492.1239260357292
629.8708516443229
571.0233968103125
189.66987590789063
47.766581980208336
0.0
0.0
0.0
0.0
0.0
0.0
0.0
0.0
0.0
0.0
830.3515188856771
674.2640307755208
281.3465894067014
281.08459752424477
265.7820013686198
53.096964847447914
0.0
0.0
0.0
0.0
0.0
0.0
0.0
0.0
0.0
0.0
0.0
0.0
0.0
0.0
0.0
0.0
209.12574564614582
798.4732162478646
797.9952359519792
266.22360560078124
0.0
219.64980227184898
643.1506940207813
488.8031978613021
236.93499501583335
30.07862497979167
12.911270141666668
12.972249857499998
13.222874674062501
17.281020609583333
13.225353495208333
12.951812235520833
15.842916361354165
21.608175913411458
12.974030558333334
12.9177490234375
12.912729186770832
15.733947753854167
17.068927001979166
12.882562764479166
12.918864033645832
16.5725311278125
12.936510213229168
207.54640833552082
817.9042002364063
833.0385177619011
1484.907232157995
831.051945241276
269.2291046143229
0.0
0.0
151.17799580895834
0.0
164.08126630791665
0.0
0.0
43.19179026291667
0.0
0.0
0.0
0.0
73.01487604770833
0.0
0.0
0.0
0.0
73.50425376877604
0.0
0.0
0.0
0.0
95.37052350971355
273.86459952593754
443.527374400026
617.7932571413542
194.12634398135415
56.624529727291666
0.0
0.0
0.0
0.0
0.0
0.0
0.0
0.0
0.0
0.0
0.0
186.3488273621875
1291.3692314155207
1174.5551366766406
1306.8959213260937
1259.5008317745487
1198.0163777042708
1047.8584503173176
293.55062401007814
0.0
0.0
0.0
0.0
0.0
124.72518698395834
105.3191702758565
252.75425165906248
2.3901145187760418
1.09590101703125
1.0461380013541668
1.095796848515625
1.0696666422135417
1.0529687269010417
1.06960153140625
248.87003811148438
679.3734662379687
773.2787793481771
889.9798478448957
600.3645416372916
1122.7042667395833
620.8606199897135
476.76780935214913
419.04004154210935
19.907202760651042
66.14522992367188
0.0
0.0
0.0
289.68778381375
475.41779314718747
145.86846046429687
0.0
0.0
0.0
0.0
0.0
0.0
0.0
0.0
0.0
0.0
22.32692667645833
840.9975050292447
1983.5956334446355
2125.364590631181
1396.2114725958854
919.6180794445053
54.34856109625
0.0
0.0
0.0
0.0
0.0
0.0
0.0
0.0
0.0
0.0
0.0
0.0
0.0
0.0
0.0
78.013554128125
486.08372662867185
449.1889425915104
371.55498511726563
359.60694160463544
355.2121672315625
420.7322264357813
450.9136601765625
489.1032599134896
183.4179110560677
13.258312320729168
12.9242496540625
12.952666727708333
16.318579991796877
12.968635050520833
12.8831558228125
12.778895568854168
13.005208333229165
12.987135314895832
4.3218017578125005
8.6569269815625
12.962301635833335
13.993403116848958
235.97332402880207
933.4175378121876
1366.4207115180989
1104.0191454576564
662.9039199838021
642.74916102125
1197.4687410995832
912.5590084083074
216.16170295052083
57.66569678020833
76.7038519140625
0.0
432.79552570111974
655.3782158533073
309.6595017204167
134.93667046359374
118.21522134651042
71.30018937632812
0.620682276171875
0.6223281133333333
0.60955727765625
0.6164895683072916
65.72174254033855
4.947143047864583
0.6189218627083334
0.6160781095052084
54.53670520259375
1295.4546386878646
3430.4203573465106
2764.699335697795
3265.9433606428647
2693.525742801172
2556.132889261745
1611.484824486137
457.5216319191493
0.0
105.10830980929688
191.92944806427082
180.20709381083336
0.0
638.0173009787239
753.1024189152864
463.21573430473956
99.91450817260416
1.100593725859375
66.79886231578125
1.096546851484375
1.0956458038541668
1.09131768234375
1.0948359079427084
70.0135763357552
5.426341186796876
1.1069609061197916
1.0924166365624999
463.90388967205735
896.5754703913541
465.58564990192707
187.94000892153645
190.5459144964323
199.76890020825522
200.15145481846355
209.90727956789064
58.764803138125
5.164815003723959
0.6394010248437499
0.6624973791666666
69.74947268078125
0.6166536346093751
0.60574217390625
0.6061171788020833
0.6072760262760416
73.68979421114584
0.593101547578125
597.2093110788802
674.0373166696355
668.7576063733854
665.2535626736459
759.0083869940886
921.0363698333073
293.2689992270833
282.811673101276
89.17840695385416
13.022793936875003
0.0
0.0
129.29881292658854
654.6741086211979
961.3507659920833
963.4977746334895
803.4990884145313
355.0093595501562
49.701938951875
0.0
0.0
0.0
0.0
0.0
0.0
0.0
0.0
0.0
0.0
89.1660921734375
272.89169158908857
272.9218102777604
244.10053113346353
32.94353326161458
80.64256134028646
14.981104024270834
0.0
0.0
0.0
0.0
0.0
0.0
0.0
0.0
0.0
0.0
0.0
0.0
482.4055590315365
655.4964352905702
624.6726311580816
787.0028832837589
457.73760457564237
927.1908851494386
772.3230779443229
586.561681048776
623.7247323809376
517.9995834352865
297.01370175710935
99.0191448655
0.0
0.0
0.0
0.0
0.0
0.0
0.0
0.0
0.0
0.0
0.0
0.0
0.0
0.0
495.5975484214584
593.4432427451754
577.2622273346268
572.1153455824386
631.1883845860417
654.8172646804032
385.2337707521354
675.2395385746094
681.7981023158854
678.5192080182031
417.1312482834115
258.90155614247396
259.78622360276046
259.2731112160156
260.35348663361975
258.9488803869618
81.99126892083333
13.049833170520833
13.082832845104166
12.970999654166667
12.868093872083334
21.450499979687503
181.25442037184897
214.00289582078128
430.42095686625
1153.0304237373698
1447.3439199170834
629.4649973074479
336.06643932979165
65.12052438265626
16.43731257125
28.21133556372396
42.79106937388021
292.1294245410156
294.8903274538281
296.1106590276042
264.5698170424107
""
75.32081070000001
86.41598231007812
75.50621468236979
75.19116195057292
193.72300455859374
114.58467108440105
75.22074337010416
75.00110759755209
74.71515455239583
42.660897524609375
376.8183717894271
911.8218437829687
1106.681412570573
1163.7588622078385
1003.5116939597895
794.6918694707292
732.1172316334896
398.0949650332552
235.6428882596094
94.79626621929687
67.96284510864582
0.009041666354166667
0.0
0.0
0.0
0.0
0.0
0.0
0.0
0.0
0.0
0.0
0.0
0.0
100.468290710375
167.63513437914062
246.2816359083239
""
414.84942169171876
452.9783620832291
451.96958592763025
517.8775113421094
333.73043715187504
328.3931406976302
330.87839959455727
312.2110290277083
250.25713469171876
247.90904746971353
245.8470857621354
246.17395820591148
424.9015038386806
0.0
0.0
0.0
0.0
0.0
""
248.2985276289167
""
""
""
""
""
""
""
""
286.1226447548333
290.0531157497917
292.8380444529167
292.27941242861976
290.13353195192707
291.6232170109635
112.2400313695573
84.02339137429688
84.14095373151042
84.57267268567709
84.70959959049479
84.22153215403647
82.57942787820313
26.819752927777774
0.0
0.0
64.55814142244792
589.2331469225
944.8209334061979
939.1266196792188
476.07661221880204
271.90651830109374
272.34609527601566
297.4489014944271
547.1709011077864
384.86285200164065
405.2751553855208
899.5952086140625
327.9424566904948
0.0
0.0
0.0
0.0
0.0
0.0
0.0
0.0
0.0
0.0
0.0
0.0
576.6883981707813
828.4416625985677
175.27198525489584
25.990551821223956
0.0
0.0
116.96827266893229
133.33298657736978
78.65308332539063
0.6216327977343751
0.6129765484895834
0.5936432190625
0.612523422890625
0.5970572764583334
0.6077786336979166
0.5902994670052083
0.5985416528124999
0.6141327993229166
0.6076067611458333
0.6145390478385416
21.564918201614585
780.8596580902343
1106.040696709323
1083.2830130892187
1084.5901083184374
1068.4020945542188
427.3714419742187
428.2395017154427
429.05009327528643
430.2349942508333
36.42482186346354
18.12568210622396
11.267650729296873
0.60100519625
0.6099791521614583
0.6147369662500001
0.605744773125
0.6196536329947917
0.5992109245052083
0.6102005079166667
0.620299464609375
0.6089114414322917
0.6161119656770834
0.6076171764583334
0.6132551926041666
313.5458237544271
863.545731875026
1063.873569559236
1146.762643116198
1018.533380199974
561.1925209857812
279.86254908250004
0.0
0.0
0.0
0.0
239.3932081859375
438.4310656234375
431.0555882770052
36.02732187895834
0.00234375
0.0
0.0
0.0
0.0
0.0
0.0
0.0
0.0
0.0
75.22910385125
390.4951541904427
1083.4786892895575
1197.1897551855989
1079.3635078910677
2438.4905158966667
2821.7021674496877
2267.5504696215107
2249.3561119729948
1890.9010204953386
2264.7604300183853
1880.5201780329687
790.425633875651
155.5594444278125
0.0
0.0
0.0
0.0
0.0
0.0
0.0
0.0
0.0
0.03288541635416667
0.0
186.1077749890104
277.7101849878125
277.46502545703123
540.0201014202344
571.5622500103646
0.0
0.0
114.13635101333334
277.4125494639323
79.77115419934896
232.9925270078646
279.3602778122917
280.6173238118229
300.4786284133333
635.0519027623437
0.0
0.0
0.0
0.0
0.0
0.0
199.7132863365625
1646.832643509375
1956.427800625547
1288.4656197872657
1219.2779098515364
830.4555588412239
684.3846328742188
420.3465960390886
388.2762762532812
387.5033037992448
186.55740657403646
8.560666488541667
0.0
0.0
0.0
0.0
0.0
0.0
0.0
42.19784998528646
0.0
0.0
0.0
0.0
0.0
279.0217451971875
1183.600674185
1945.2915840796875
2034.6939888017187
1720.5062793108593
1153.8415436431249
608.1651424096875
1335.730231349401
1159.079969013698
1153.5897864320052
997.4131262941927
787.4163978004427
821.4139399754948
545.8831985477605
91.00957101166667
0.0
0.0
0.0
0.0
""
""
""
""
""
""
0.0
0.0
0.0
61.70341809588541
150.52114321398437
3.065687433854167
0.0
0.0
80.09432582864584
188.35997254958332
0.0
0.0
508.2583513899479
628.922246636875
305.4065697607031
139.77852225718752
0.0
0.0
39.89227048552083
171.42384624520832
12.907312266041666
0.0
201.9806403
1135.8107002264323
1337.2615178435938
1347.6664284267292
""
""
""
""
""
""
""
""
""
""
""
""
""
""
""
""
""
""
""
""
""
""
""
""
""
""
""
""
""
""
""
""
""
""
""
""
""
""
""
""
""
""
""
""
""
""
""
""
""
""
""
""
""
""
""
""
""
""
""
""
""
""
""
""
""
""
""
""
""
""
""
""
""
""
""
""
""
""
""
""
""
""
""
""
""
""
""
""
""
""
""
""
""
""
717.1687613937917
758.5057963392778
1088.0474337439723
1075.5483906046388
1076.4946801426668
908.8924689062501
781.9009988064445
780.2492136648889
641.0041271973889
295.5027157935556
62.527434946583334
0.0
2.0168443467777775
14.674549655472221
0.0
0.0
0.0
0.0
0.0
0.0
0.0
0.0
0.0
0.0
151.57667371966667
302.2571063632778
511.73707309313886
503.5477933077778
288.78962158755553
444.0476320736111
402.5632908796944
1124.84524671875
1251.9977829327777
691.1842251935556
320.3079864162778
275.11206231005553
275.8804444721389
275.64319661447223
274.8995486109722
59.513098415777776
289.4621607351852
731.4364382599167
731.8901369908054
731.9784109160556
731.6216956925834
562.2540668408055
0.0
0.0
0.0
0.0
574.2061360683056
963.2625385210279
754.1078601080278
305.34208435116665
9.094077468222222
0.0
0.0
0.0
0.0
0.0
0.0
0.0
0.0
0.0
0.0
0.0
0.0
0.0
0.0
0.0
0.0
956.3915422908057
1161.997288140889
723.8256081816112
299.68678351522226
14.913666449722223
0.0
24.435521918333336
110.3910400366111
293.3043515358611
291.02668579155556
81.88746473511112
0.0
0.0
0.0
0.0
0.0
0.0
0.0
0.0
0.0
0.0
0.0
0.0
0.0
214.139793837
1406.05124762425
1662.7020723027963
2067.124814250056
1898.9349070917779
1329.0234226149166
1017.3769021722685
70.45597666755556
116.5821751151389
342.82372964144446
487.45680757375004
833.7343956168055
782.0440606338057
99.51937581411111
245.09625868055554
975.4858851459445
716.0167859564722
388.8748071949722
275.84360487205555
277.0031139578611
277.1964842396389
235.41146216566668
173.20057427294444
0.0
66.286087375
0.15877777280555555
453.1369692796667
2102.0208530014447
2621.6495735689723
2233.8957030581387
2938.9579090725283
1582.6398845688889
767.0572502945
1156.2799979564165
886.1099794178889
159.36544047052777
0.0
0.0
292.72201605922226
850.1182215718889
0.0
0.0
0.0
0.0
0.0
0.0
0.0
0.0
69.23057810810651
753.5754955473511
317.66019810309524
0.0
0.0
61.82188032440476
717.9528846379465
779.9672249352619
774.4763815402381
769.2080431737103
256.60450402992063
0.08263690294642856
0.0
0.0
0.0
0.0
0.0
0.0
0.0
0.0
0.0
0.0
300.2305504210714
1897.6239927996628
3375.8819375915773
3234.490510766369
2421.00013180872
1583.3008488259823
1067.9854354871725
243.60229790119047
127.84411650166666
339.04575821098217
767.6997354423512
918.0287724398511
903.4018804560715
533.9396977018453
50.94685631261905
9.07230922142857
0.0
0.0
0.0
0.0
0.0
0.0
0.0
0.0
182.1282574404762
778.1819815507142
715.5083257774405
400.8166428345238
305.97863537083333
579.6312300903869
430.9196241111607
470.07667236318457
351.5771295647917
284.8468339463095
40.97068993690476
399.94467860645835
307.4753605435714
455.67784569163695
500.8980063303274
501.179783121875
500.8336204894048
308.2393619557738
0.0
0.0
0.0
0.0
0.0
0.0
0.0
0.0
0.0
0.0
0.0
750.0393112912798
781.0347243544345
207.8788036527381
0.0
0.0
0.0
0.0
0.0
0.0
0.0
0.0
0.0
0.0
0.0
0.0
0.0
0.0
0.0
0.0
0.0
820.964872379137
1434.6888839009227
1489.4518970316071
642.8101452060118
618.1228348511607
657.5748245238691
676.7822228573809
710.2494849795238
22.521201853690478
413.172643787381
1326.7674508238392
1394.1496223088989
1204.9375902002084
869.2271817370536
353.55796160827384
331.6526926104762
316.43828996958337
318.64036225785713
175.03352021738095
0.0
0.0
0.0
0.0
0.0
196.12096237916666
2623.3513809941965
2701.5109138672915
2563.5009574542264
1584.7185299719345
1521.8265235550596
1044.593653797381
345.12495465964287
569.3410525484524
766.1160893518453
780.0131429041072
474.28471156580355
248.26919054300595
286.90718623553573
723.2075940087203
781.0880188708334
423.7319909058333
284.6943567183631
284.341616094256
281.9124904084524
282.0435315087202
282.62911296988096
281.70518428267854
281.17473369824404
56.61678495869048
0.0
0.0
339.18775489473217
1839.1048400891073
3107.6653823145834
2850.440716190774
1679.547167714881
783.7290052778573
166.18970662229165
884.2737266906846
891.8807434899702
491.0556710023512
69.2253771483631
0.024428571071428568
0.0
0.0
0.0
0.0
0.0
0.0
0.0
0.0
0.0
0.0
100.20127185642858
904.6474272233334
903.5913103381846
1239.2605118166368
1230.4759408140774
453.80486326669643
343.5307245886012
652.375551351369
1101.5894601243451
902.4466155235416
899.0030008958333
546.8915848502976
0.0
0.0
0.0
0.0
0.0
0.0
0.0
0.0
0.0
191.72196975002976
25.567331659285713
295.3315648817857
1178.1234142488988
972.6593992696131
1108.2077529190476
1216.7834115173512
1068.4651900531248
809.1095652477082
802.5983878003572
660.8978709634524
0.0
0.0
0.0
0.0
0.0
0.0
0.0
0.0
0.0
0.0
0.0
0.0
0.0
0.0
369.28227543619045
1534.6733206619344
1776.9967290982142
1324.7198272716666
317.7180044998512
318.78497307196426
316.59792146238095
84.63958100833334
0.0
0.0
577.7769889109524
908.141687592381
""
""
""
""
""
0.0
0.0
0.0
0.0
0.07209415194805195
0.32657141916666665
0.1810238088095238
0.23723213886904762
1147.9125005131411
1666.7466433704762
1340.6934546100397
1422.5217155344149
1416.6292942401908
413.98677490752004
316.25082470142854
318.4873187840774
319.44862540163695
619.244339443631
532.3059680639583
257.2053134978869
245.6073073349405
58.33092130392858
0.11059821157738095
21.432737678303575
0.0
0.0
0.0
0.0
0.0
0.0
0.0
67.42066534178572
801.9722316672321
669.0494543891072
246.50243668401785
244.52787250297618
246.28921719520835
246.20068868008929
764.755339922619
1024.0710920788988
819.5649389768749
725.2555353075297
1178.6921461927082
1395.062108793601
948.2586906044047
607.8378018389584
16.209297398214282
0.0
0.0
0.0
0.0
0.0
0.0
0.0
0.0
0.0
266.20430443202383
1508.4473252083333
1156.0461408710714
2007.0476093112202
2076.46459309375
2081.0027157027384
1915.5868880607736
1467.2825519059822
483.56995801809524
112.92129214360119
50.18890380845238
446.5485560825893
1145.520190720655
1149.0896251871727
1152.1140443360416
258.49879150401784
0.0
0.0
0.0
0.0
0.0
0.0
0.0
0.0
0.0
0.0
0.0
502.7979949228274
1260.7221671702678
1605.3607848853571
773.1554492774702
798.3733767561309
1793.743527367887
1550.1772905637201
1280.7045014894643
636.0769234800596
46.80578148261905
511.7100917275298
497.4692113966369
437.1191788449108
0.0
0.0
0.0
0.0
0.0
0.0
0.0
0.0
0.0
0.0
153.2276874304762
255.830750965
220.81095059723214
0.024190476071428567
0.0
0.0
0.0
0.0
0.0
0.0029404760714285714
0.0
0.0
0.0
0.0
0.0
0.0
0.0
0.0
0.0
0.0
0.0
0.0
195.62378073869044
1424.2238250374107
2477.3998270685415
2796.802953376072
2916.993912689077
2463.8333027439585
1609.2990486963395
1784.4344491583038
1344.1670870465775
713.0575186741964
198.47117861779762
87.73140316952382
315.31246294330356
316.30895792666666
319.2103015721726
273.3764160162203
35.787347350982145
0.0
0.0
0.0
0.0
0.0
0.0
0.0
0.0
517.3098092224108
860.3397427516071
1134.9740628202678
1040.169404431607
791.7300882977679
51.95489095059524
0.0
38.476595052142855
842.4789675763095
509.66631469752974
0.0
0.0
0.0
0.0
0.0
0.0
0.0
0.0
0.0
0.0
0.0
0.0
0.0
0.0
25.6537379672619
265.20273103252975
475.77105262404757
861.6372038729761
338.8130435038393
317.4169446619345
958.7849508378273
324.13065628773813
972.8709790915773
795.7514963472918
782.7630359475297
795.2965855191667
728.9864913975596
16.39578508654762
0.0
0.0
0.0
0.0
0.0
0.0
0.0
0.0
0.0
714.3812290013095
2359.3540667586312
2150.7591378115276
2094.291935004792
1339.6991765305356
1409.2413878667262
1073.5198889603869
770.0180862429166
508.33010442842266
304.6992660527679
243.27796558226188
225.4042151313095
82.64228324354167
0.0025476189285714283
682.0321803504464
785.0753420886906
777.4373602006845
782.3646751772917
784.894897461131
788.116588483631
183.8262207032143
0.0
0.0
0.0
0.0
664.1169398721429
1467.2316496264882
1720.0864787524406
1196.721974592738
1288.4503147264882
2029.719033189851
1346.2336687367856
299.8306384861905
161.65678441794643
0.0
0.0
530.2586071293156
1338.1440086744642
1079.0365681247322
824.7692641487797
783.3240129746429
781.766153391012
786.4355244958036
281.57474365238096
19.557026381755954
0.0
0.0
279.2375595824107
763.1634364540475
776.1321583428273
1185.3993350808332
1819.19394020373
1975.4850487855954
1240.299440504127
562.2045763839881
84.14928430654761
152.90994204541667
154.73670312747024
468.06054994056547
770.5672614469345
766.5903576082441
593.2277167913691
10.137244015625
0.0
23.02911764095238
479.8733616422917
911.3174726217559
913.6175223211607
844.5406456359524
105.37658938470238
0.0
0.0
0.0
0.0
480.6890040808631
584.5650499616071
2.543583315833333
0.0
0.0
0.0
0.0
0.0
0.0
0.0
0.0
0.0
0.0
0.0
0.0
0.0
0.0
0.0
0.0
0.0
0.0
0.0
0.0
0.0
24.232496425178574
248.89042881607145
139.16283605678572
869.2351698382143
1380.2802764896132
1427.8470104822618
906.2785014302679
576.9715801064881
316.98280726880955
315.9111020045536
211.71737985785717
11.952416360357143
0.0
0.0
0.0
0.0
0.0
0.0
0.0
0.0
0.0
0.0
929.1091855940476
1515.5588253931546
1521.5589890257143
1300.9170998714285
648.307827504881
224.87171638145833
306.20166848011905
310.49160446925595
310.9767736528274
308.54136875723214
983.06998310125
556.5984711426786
0.0
0.0
0.0
0.0
0.0
0.0
0.0
0.0
0.0
0.0
0.0
0.0
0.0
82.1860697429762
278.62904481476187
1384.422381192381
1581.952900188006
1330.372094582738
223.78012321104168
57.92895079119047
0.0
123.38353300571428
328.9467919399107
331.15146673330355
330.1938897999703
334.99524056589286
334.7301314578274
195.34311488916666
0.0
0.0
0.0
0.0
0.0
0.0
0.0
0.0
263.72144862607144
1024.579380654137
944.6098999394047
487.64946795345236
0.0
0.0
549.9125583501785
1082.0009501599404
1465.4482849139583
1123.9084654313988
218.53705701029762
199.01723690949404
0.0
0.0
0.0
0.0019523809523809522
0.0
0.0
0.0
0.0
0.0
0.0
0.0
0.0
251.0168767295238
1349.6362989165773
2153.8358705081846
2235.430519040744
2101.274974109395
1319.3013666122145
866.6263009847023
513.3626700267857
328.56994251113093
409.4838582038691
424.9098160544346
267.4389428528274
114.38767059119047
160.6692257452381
41.16686202773809
0.02177380892857143
0.0
0.0
0.0
0.0
0.0
0.0
0.0
0.0
0.0
0.0
601.9527875630357
1323.458887301131
3154.214001540506
2833.497011458661
1392.0135843927976
1766.1100555067858
1591.3198064875298
925.723568508244
977.7756626660417
487.6101586916072
0.6657737941071429
18.35535683988095
8.65859232595238
0.0
0.020357143333333334
0.0
0.0
0.0
0.0
0.0
0.0
0.0
0.0
0.14215475714285716
0.0
207.42229011136905
218.91616784943454
459.93302215247024
780.4220590579464
782.3049810505654
183.1013766742857
0.0
0.0
0.0
0.0
0.0
0.0
0.0
0.0
0.0
0.0
0.0
0.0
0.0
0.0
353.93453747
1339.7035129912797
2156.226922859107
1127.1530312215477
459.0349595563095
704.1338348877977
939.8235564143453
1452.8955609775894
1468.4506443248215
1027.3748777269345
1038.377705990268
589.6021876380952
52.47246291392857
0.0
0.002988095238095238
0.0
0.0
0.0
0.0
0.0
0.0
0.0
0.0
0.0
0.0
0.0
565.8988654732143
712.0879900255654
711.7071829661904
711.6452402755953
719.5992825465773
1215.9115149009226
1219.6754383638988
760.8796250122322
460.7408642248214
493.4680313925893
1711.00414327125
2555.2437895298217
896.5968250828274
316.87548537497025
313.6472531276786
311.29635968925595
308.55935345666666
314.4803225559524
314.1522437691964
313.8739762083334
313.4901590988393
309.5210167296131
251.48704470690475
7.203654552619047
0.0
317.1516894647916
1551.433967583274
1890.2564825160416
870.7203375684525
288.6644092809722
302.58110066104166
800.1738270115278
506.94915149217263
302.5424781433631
332.6317932854167
331.6734725954464
331.9139595761905
335.187980470506
335.54739794044644
258.90231294181547
269.7815024246131
292.02069282565475
136.2129819595238
42.68570135226191
0.0
0.0
0.0
570.187219819881
1054.3574609680356
984.9321323220832
787.8059375585714
210.46853376098213
0.0
0.0
0.0
0.0
0.03642856964285714
24.816427176309524
575.1628105528274
129.45816388845236
0.0
0.0
0.0
0.0
0.0
0.0
0.0
0.0
0.0
0.0
0.0
0.0
0.0
0.0
68.70261782678571
853.3784038729464
910.1092556906548
1140.8729826436606
567.8960613795833
312.88816848038687
311.53074079288695
298.7698212400893
312.57459745875
316.27105146127974
168.17941545738097
0.0
0.0
0.0
0.0
339.7400995165476
511.16661420580357
511.07790861601194
511.2180271700298
271.4219014483929
0.0
0.0
0.0
36.47009393607143
652.0197530114583
764.9254022513096
766.9133908230953
766.2055149624405
89.19284026208334
0.0
0.0
0.0
0.0
0.0
0.0
99.73605731797618
317.0505397255357
313.44456438339284
311.79069548145833
312.39335966625
312.80554751544645
313.10970299175597
314.50544985842265
314.16392982127974
314.7771721253869
313.56664414247024
312.22850865050594
57.054962448809526
0.0
0.0
648.3418230334524
777.9967601960715
769.2958801273214
72.46396251880954
0.0
897.9100664413394
918.7781741197321
323.52167154952383
0.0
0.0
0.0
0.0
0.0
0.0
208.56547909696425
0.0
0.0
0.0
0.0
392.99367297939483
1402.0443424769346
1426.4745630904167
1244.4453211463392
928.7397272388394
930.0139201670238
1028.2684553244046
1110.9716543657737
1038.2154972257142
875.341418821012
723.4159185935714
357.7925541469643
916.493072219107
915.4172249932143
795.6858630955952
52.63712986559525
0.0
0.0
0.0
0.0
0.0
0.0
0.0
0.0
101.15240246035715
320.29357445169643
319.23221769851193
541.8360041665476
641.0895812996727
760.3655685189583
814.2447224238988
1183.4447387701784
408.7751471124702
0.0
0.0
0.0
60.339879789880946
911.4555187408035
812.0034322101488
146.53828313904762
0.0
0.0
0.0
0.0
0.0
0.0
0.0
0.0
0.0
0.0
0.0
441.68733782122024
560.1436744324108
300.14301198345237
308.4252713159226
312.2405151369047
82.65480506544642
0.0
0.0
0.0
17.30043998452381
4.033249886190476
0.0
0.0
0.0
0.0
0.0
0.0
0.0
0.0
0.0
0.0
0.0
0.0
0.0
0.0
295.0546979634523
435.7948524113691
0.0
0.0
576.3539908277679
400.1061657136012
221.4535818913988
221.9364597136607
0.0
207.49604928175597
103.64485677095239
0.0
0.0
0.0
0.0
0.0
0.0
0.0
0.0
0.0
0.0
775.3096258260715
779.2864403140476
806.5348434819346
690.057716988006
915.6413035438987
986.1979601311607
939.8919470474108
1107.596668643363
582.6444004608334
131.1641871864286
313.38678748732144
314.4379653207738
314.5153682166964
315.6492940269048
316.49866725437505
262.65085784857143
0.0
0.0
0.0
0.0
0.0
0.0
0.0
0.0
0.0
360.8292312933333
2723.8768141984524
3230.606931343303
2497.485651799196
2166.7214903035515
1588.7416498822024
297.1834253945536
606.0463001081249
902.5045513980357
656.0242159529166
182.52777501598214
230.74016113273808
0.0
0.0
0.0
0.0
0.0
0.0
0.0
0.0
0.0
0.0
0.0
282.72792271220237
319.2047151117262
379.3126827420238
12.296678280654763
17.367225719642857
273.77434510785713
315.1102903822917
313.564509945625
312.4327805296131
310.49254528270836
309.9231596450298
310.11267903675594
129.6916399275
0.0
0.0
0.0
0.0
0.0
0.0
0.0
0.0
0.0
0.0
235.85827719300596
988.5489817477084
486.95236394985125
267.93555637500003
548.1867451585416
969.8200840544048
926.9532558634821
346.8566871735714
347.8150211881548
279.7276270818947
147.0265730595052
205.5321411418229
209.19113182375
2.375666625833334
0.0
0.0
0.0
0.0
0.0
0.0
0.0
0.0
0.0
199.69896647104167
674.3436831159896
2307.5025058833075
3237.4763554915103
2773.783556682031
2433.6122193244187
2291.1670513248437
2356.8724829396874
2129.4969409966666
1067.7958499239064
406.1841008061458
0.1340624965625
0.03698176947916667
0.0
0.057010415
0.0
0.0
0.0
0.0
0.0
0.0
0.0
0.0
0.0
0.0
236.83965174364585
514.3922009786198
514.6054238639063
950.7403778713282
1240.239878337526
1238.0960709897397
1181.9181154251303
693.1879702415364
420.4506628674479
824.7813630906771
973.2700878154687
570.4154532947396
284.39945996632815
172.13938719473958
10.072168945885418
0.0
0.0
0.09949999802083333
0.0
0.0
0.0
0.06469791479166666
0.0
0.0
704.1758712563542
2024.789427186224
1987.6137021404948
1059.5320451867187
235.37882591885418
28.01190560645834
579.3914965628386
331.3295712901042
5.055979092916666
15.152978770104168
0.0
0.0
0.0
0.0
0.0
0.0
0.0
0.0
0.0
0.0
0.0
0.0
0.0
255.39244206781254
988.5474977215364
2340.607275582474
1333.6112449784116
187.2153923034375
40.404363726458335
0.0
77.59542557395834
674.1474202478906
669.3330642706511
1207.4610168461459
1336.5144079536979
1364.8322323491145
759.6277450245052
806.1836805296094
322.9823640292188
15.428978951770835
0.0
0.0
0.0
0.0
0.0
0.0
0.0
0.0
0.0
0.0
673.9191103621876
389.1142281854167
761.2380006109115
1096.280712827552
966.3239013679948
637.0469897590625
340.20372632369794
341.71828562429687
32.089457448333334
0.0
0.0
0.0
0.0
0.0
0.0
0.0
0.0
0.0
0.0
0.0
0.0
0.0
0.0
0.0
0.0
0.0
0.0
0.0
0.0
0.0
0.0
0.0
0.0
0.0
0.0
0.0
0.0
0.0
0.0
0.0
0.0
0.0
0.0
0.0
0.0
0.0
101.85638842979166
216.4771656034375
353.13424078643226
909.4316914884375
912.9181940085678
905.4689662933073
47.69875164549479
57.145220438541664
12.383290926666666
16.579926526458333
0.0
0.0
0.0
0.0
0.0
0.0
0.0
0.0
0.0
0.0
0.0
0.0
0.0
0.0
0.0
878.3014698415626
713.4034704854166
561.1474586495052
1340.9687946965105
1240.8722722375
1172.6608783729687
470.07136407104167
371.6728035921615
705.9370735612239
1080.0975164051563
748.3536448105729
12.736976210416666
0.0
0.0
0.0
0.0
0.0
0.0
0.0
0.0
0.0
0.0
0.0
0.0
301.80364866317706
252.17782154075522
741.2006470365626
106.5781845728125
103.8600420953125
104.88586730942707
103.05132029872397
104.39034382460937
103.10256001187501
72.778579216875
0.0
0.0
0.0
0.0
0.0
0.0
0.0
0.0
0.0
0.0
0.0
0.0
0.0
0.0
0.0
0.0
0.0
0.0
0.0
0.0
0.0
0.0
0.0
0.0
0.0
0.0
0.0
0.0
0.0
0.0
0.0
0.0
0.0
0.0
0.0
0.0
0.0
0.0
0.0
155.4119448346875
221.68310915627603
338.7659849168229
283.7553335970052
134.06760934203126
225.6337738036979
223.59587523148437
251.11600240044268
663.9466646839584
662.5863586429688
320.13871765158854
0.0
71.54510218302083
628.2843749191406
944.0106091828646
936.6116709395833
923.7165053059636
934.0613815314583
556.1807158758854
279.42701848382814
117.61304410322917
0.0
0.0
62.1797480265625
1275.2970618322136
2098.6847311671613
2278.1150742215104
1948.9360755614844
1349.181088789323
1513.551570199427
624.1979515909635
184.189813995
175.4693145120052
6.9907369385937494
0.0
0.0
554.8395228071614
684.6522990931771
612.7783297224739
0.0
0.0
0.0
0.0
0.0
0.0
0.0
0.0
0.0
0.0
0.0
0.0
0.0
172.12263107291665
227.04886175789065
106.35301852885418
0.0
0.0
0.0
0.0
0.0
0.0
0.0
0.0
0.0
0.0
0.0
0.0
0.0
0.0
245.01247253427084
1014.3968146170834
1438.5752443964845
469.59424489398435
275.6374097194792
277.7804490410677
336.0079444253125
312.3533498080729
272.2415716810938
104.74666849789064
39.70918693020833
0.0
327.81791559872397
804.9111879988282
553.232451311849
0.0
0.0
0.0
0.0
0.0
0.0
0.0
0.0
0.0
0.0
0.0
496.88417943364584
942.9979797368229
1539.859874302448
1224.3218667990625
85.34607404078126
0.0
0.0
504.0070892338542
685.3256085717449
1165.746394095
872.2803573057291
435.04362246192704
434.8542929333594
194.64972483333335
0.0
0.0
0.0
0.0
0.0
0.0
0.0
0.0
0.0
464.34714024895834
207.7896423340625
4.516499900833334
816.231577078776
1602.3646137565886
1606.719575374922
187.8831825260677
25.430854129765624
334.93439875473956
22.77096761072917
389.58169911731767
702.4191683458072
694.674339295052
556.0531997681511
803.1721036277604
635.0475438440885
17.58056735984375
0.0
0.0
0.0
0.0
0.0
0.0
0.0
0.0
0.0
226.40085220348956
1182.6584880404168
3055.7923751511457
1172.3303899565624
1560.7651944433073
1316.1101553108595
1647.8140187994793
1275.8770754998957
558.11642691875
485.59539661442705
90.40755004895834
0.0
0.0
293.8911519370833
367.40148518890624
0.0
0.0
0.0
0.0
0.0
0.0
0.0
0.0
0.0
1592.731342125651
2818.7982579469704
1899.8690659590366
1543.5791463151043
326.9454738019792
1155.1887550864324
1465.4486945483075
982.9340621320313
314.63387309809895
20.90259323125
0.0
293.61820324739585
681.0290049240625
1486.0197970080728
1695.420921326172
776.0413046521094
247.34977747578125
46.77204818729167
0.0
0.0
0.0
0.0
0.0
0.0
84.31703974375
884.5583037296875
1098.2812975708246
561.1707702853993
626.9157307625001
825.8809591884375
552.4366000495312
456.81552509041666
48.47245737726562
0.0
0.0
8.864739354479166
7.140877409765625
0.0
0.0
0.0
0.28955207695312496
0.29819009403645835
-1.0416666666666604e-05
0.5434270720833333
0.057489581875
0.26449999229166665
0.5177499835416667
0.18098957666666668
0.0
0.00018749999999999998
0.009291666666666667
0.0
0.0
0.0027604165625
34.904113834791666
222.38686356578125
226.04718566361979
175.8968662513802
0.0003541666666666667
0.38811718385416666
0.11634635125
0.5529270776041666
0.06067708135416666
0.020739581979166668
0.3264583301041667
0.0007291666666666666
0.5134791577083333
0.21150259973958332
0.0003020833333333333
0.00019791666666666666
0.0
0.000625
0.0
0.0
0.0
0.0
0.0
0.0
0.0
386.22927144432293
344.83714853960936
234.58692309127605
267.5443567913542
610.3949417120833
1071.9143694567188
763.0399282453906
256.72898820257814
265.43642667210935
265.5982589723698
209.48982734695312
3.0629479090625
212.58356831895833
678.892996724974
1220.326714325625
1056.00953852375
1219.2941276560157
2459.6606077834117
2244.095319240026
1493.5914786972135
949.847104602882
448.7658650406511
335.05853336309895
284.48102441091146
466.6754928847917
243.80890843841144
0.0
0.0
0.0
0.0
0.0
0.0
0.0
0.0
0.0
0.0
0.0
0.0
180.56850255338543
685.5293640145574
847.6054169977605
278.4372212728125
317.02801614586843
527.284654235625
552.6737130484374
449.3706417090625
276.83914248166667
435.30990359010417
198.98571783958334
0.07212760307291667
0.0054374997916666655
0.0
295.3986735030208
614.2908696495573
566.135080465026
123.14045958526042
0.0
0.0
0.0
0.0
0.0
0.0
0.0
269.58132832864584
1246.208598074323
799.4554416504948
1495.7730691921877
1064.09082090125
1716.353213104427
1368.8095449557552
1317.0930503211719
529.8363260948178
330.21324141458336
202.33494339031253
0.0
0.0
0.0
0.0
0.0
0.0
0.0
0.0
0.0
0.0
0.0
0.0
0.0
0.0
0.0
36.744530550729166
304.0320693974219
492.9079845427604
476.4043387098177
297.62636401265627
271.020445760599
272.16409098356775
270.81552772552084
271.5207780203125
272.5260754904427
274.57233136515623
260.55718282083336
797.0247057600782
803.246224975573
787.1025856022396
212.5591026305469
0.0
0.0
0.0
0.0
0.0
0.0
0.0
0.0
271.4051114401041
2261.733081506823
2755.32109915599
2872.3315133153387
1034.2561772355468
739.3480153560677
104.43292731466146
145.29476504515625
832.690020895026
385.63205509234376
38.180697139114585
0.0
0.0
0.0
0.0
0.0
0.0
0.0
0.0
0.0
0.0
0.0
0.0
0.0
0.0
0.0
0.0
89.74334106447918
685.4838694258333
1235.6733334866667
599.090885926276
23.67658290856771
0.0
0.0
0.0
0.0
0.0
0.0
0.0
0.0
0.0
0.0
0.0
0.0
0.0
0.0
0.0
0.0
680.8071574535677
1282.0904352828125
2403.0402245936198
1830.315131663151
727.2491439183855
1311.5261278154949
1460.143434715521
653.7185075630729
258.41054941812496
267.91785875997397
124.94000714125
0.0
0.0
0.0
0.0
0.0
0.0
0.0
0.0
0.0
0.0
40.65385105138021
215.2359735886979
1648.6753904481511
2631.1467583589842
2792.317714555
2513.6590850422135
1885.7011151958857
1970.5869860336197
1701.9010576261805
1303.5739152272915
439.71124004820314
314.99627393101565
223.01006825786456
93.10444564822916
0.0
0.0
0.0
0.0
0.0
0.0
0.0
0.0
0.0
0.0
0.0
321.9556247159375
647.2678174344011
535.260538928099
187.26424246596355
112.16659620567708
4.0945207278125
0.0
927.8101484480208
1998.2227967589586
1166.2323359997656
852.1145043040625
1091.2670013434897
140.54705963125
0.0
8.563655598958333
797.2129857385677
479.1226831065556
0.0
0.0
0.0
0.0
0.0
0.0
256.4720052085417
672.639027150651
673.5663856513021
782.6275845850781
866.374786123698
487.4548403424479
71.46594921763021
187.37719858468748
253.20205071789064
253.05453923570312
498.89854785658855
514.8733963014583
966.5472059886459
508.6905783976302
188.19598782867186
42.70306429002604
0.031671874635416666
0.0
0.0
0.0
0.0
0.0
0.0
0.0
0.0
0.0
184.90471134192708
215.26317240440105
214.60965855864583
309.19227496127604
439.8675158180729
515.4203461560156
1030.4592999782292
1463.6940033986718
1045.6547672121353
1224.2561362738022
810.4304488983594
495.06087800713544
843.2638392455989
301.5571024774219
0.0
0.0
0.0
0.0
0.0
0.0
0.0
0.0
0.0
0.0
402.44644597395836
529.5540089926042
1146.8418330287238
2082.152825496927
2309.447750859974
2053.257169368472
2133.950823075764
1928.2544956285417
1154.9447802235939
363.47699724848957
401.9427464805469
477.37255958945315
47.93322804770833
0.0
0.0
0.0
0.0
550.3458048505208
787.0216247562761
738.2618398032291
117.22939518296874
17.43643697104167
0.0
0.0
0.0
449.3168713890886
800.7095850631509
806.6085660303906
805.3859728496615
794.9962785724219
263.0420405071354
268.11257807395833
71.58649800635418
0.0
530.4428362527343
680.7560412090885
680.4856796269531
680.7346850083854
649.7769073489322
611.2282778421614
0.0
0.0
0.0
0.0
0.0
0.0
0.0
127.38252538039062
1485.516493099375
1965.6025761604426
1640.088457839427
1324.004077340677
704.0739908852605
862.8747175852083
1357.0088366176824
1425.8016845080208
957.5575981984808
662.1786706965104
529.2531681704428
23.436530592604168
0.031968749375
0.0
0.0
0.0
0.0
0.0
0.0
0.0
0.0
0.0
0.0
0.0
1238.0865539561457
1730.2289433804688
2217.7124387120834
1896.1974089002604
1707.2844053277342
392.3344288347396
27.095478439479166
0.0
118.49014333114583
682.5782588094011
1237.036621094349
896.6491127018489
622.6356183371876
264.50458084752603
775.696802520677
172.334722265
0.0
0.0
0.0
0.0
0.0
0.0
0.0
0.0
108.42473729468749
423.91931095903647
572.7644365491927
1102.314376227474
988.2758088596355
872.4688165355469
680.9448155001562
498.51142832440104
619.9595575973177
619.4966789247136
217.32973578755207
735.0369970403125
783.6813191735937
0.0
0.0
0.0
0.0
0.0
0.0
0.0
0.0
0.0
0.0
57.175571978125
906.4439155265626
468.0054790491146
803.1131362563282
1148.7624161410417
604.1470237414584
0.0
-0.0029583329166666685
0.0
0.0
154.35741373708333
554.0859377541666
0.0
0.0
0.0
0.0
0.0
0.0
0.0
0.0
0.0
0.0
0.0
0.0
924.7895706183334
1425.9706065278385
891.9858937590625
817.1250263219272
1030.046057481849
1349.4593095630728
894.4660997703905
1077.0688821823699
945.950525857526
762.5980915988542
472.36708569528645
1022.635798518203
984.7679138821876
398.6267833077865
215.77390397367188
164.46986389135415
0.0
0.0
0.0
0.0
0.0
0.0
0.0
0.0
0.0
0.0
93.963248189375
270.79063631682294
515.6963301344791
1610.5869699016405
2499.577241243828
2492.1676690757554
2202.0504713083074
2513.1855931739583
2191.3510161726563
1803.9370940275
1012.4912293351041
371.9324545934115
174.13170983046874
529.9976990246615
676.5703132639063
680.8265795390365
270.75125325541666
0.0
0.0
0.0
0.0
0.0
0.0
0.0
0.0
156.19098835255207
643.6837823233333
481.4097633259896
425.77264175395834
425.40133031197917
170.3608570496875
128.32580143502605
222.39458599091145
221.44517650588543
29.190530903958333
156.17942504895834
680.2261388142708
680.1363405864583
649.629582024401
256.78937835716147
0.0
0.0
0.0
0.0
0.0
0.0
188.8367973329167
656.2398783372656
624.8461448678646
218.60331694307294
42.03661874138021
0.0
0.0
0.0
0.0
0.0
0.0
297.8694020590104
357.8909210842708
0.0
0.0
0.0
0.0
0.0
0.0
0.0
0.0
0.0
0.0
0.0
25.455051676249997
775.6859163288021
997.3398961015105
281.0880021190104
0.0
215.60857563023436
221.56989339174478
219.37506821973957
30.646410724453123
456.24127298999997
1490.8886818585158
2026.140516409453
2103.1272122714845
1539.0227621406773
94.7868733725
0.0
0.0
0.0
0.0
0.0
0.0
0.0
0.0
178.85450642916666
679.3808357244792
680.0169425971615
770.4345543230207
936.3852724722656
553.7774699960937
258.7975402834375
264.103336079974
528.9697831475781
1106.774070741224
1047.2701153109115
1005.5263577782031
1205.598492433099
861.8036188133855
680.762426758125
409.0397767390625
0.0
0.0
0.0
0.0
0.0
0.0
0.0
0.0
0.0
674.5976891717448
1572.721478208672
1755.0260173828647
936.8026899980468
515.2150815250521
590.1789852596875
337.4633911614323
219.4928571699479
50.62379074104167
640.2063298547916
461.31432592486976
255.6100386304427
0.0
0.0
0.0
40.48769734708333
622.545447031849
627.0212628686457
213.41753139492187
33.68297325778646
0.0
0.0
0.0
0.0
0.0
340.47381095916666
381.44046490986983
633.2220617297396
219.02543481223958
49.19997825614583
0.0
224.3591598513802
270.29497032184895
144.52863451630208
76.69032126864583
419.4214590710156
423.5342390697917
500.3565370906818
906.3655045833333
300.5695496878906
222.85756073031249
223.0041373575
223.07907079036457
223.31131966895836
194.6435596784896
24.97600987104167
0.0
0.0
0.0
0.0
573.9294186278125
1678.2910595068488
2363.2006615975
2750.951923975807
2177.0007091932553
1183.2715254470313
509.14845352236983
626.3713470466406
993.9817402523959
347.60402479950517
0.0
0.0
95.30314254781251
67.016342163125
0.0
0.0
0.0
0.0
0.0
0.0
0.0
0.0
0.0
0.0
0.0
190.04833857229167
1261.0925807957813
1968.1769198062239
1351.7661778853126
510.4319227857292
114.79438052054688
5.7826874486458335
0.0
0.0
0.0
655.8038450878646
803.0421305345573
590.0342890426302
75.10217056273437
0.0
0.0
0.0
0.0
0.0
0.0
0.0
0.0
0.0
17.05856208802083
0.0
0.0
0.0
0.0
0.0
0.0
0.0
0.0
0.0
0.0
0.0
0.0
0.0
0.0
0.0
0.0
0.0
0.0
0.0
0.0
0.0
810.284482125052
1854.5042095303124
2551.855925085052
2009.5823288129948
1016.666121062474
709.1830029809895
1370.4669689352343
695.3134318038282
357.36316808096353
227.57742945315104
769.713827515
354.06871821101566
0.0
0.0
0.0
0.0
0.0
0.0
0.0
0.0
0.0
0.0
0.0
467.3736172996615
682.9097185774218
969.0348852849219
1161.5339263285416
1541.0638430604167
1037.7955654471875
415.6549151104687
0.0
0.0
0.0
271.82852783197916
0.0
0.0
0.0
0.0
0.0
0.0
0.0
0.0
0.0
0.0
0.0
0.0
0.0
0.0
880.6851436566667
959.4352648427083
654.6040042884115
1057.725257366745
1269.5071261102344
1312.8945106837762
553.2420370107812
456.94927062963546
418.45978304536465
419.68006190263026
338.0231653923698
148.7566746934375
0.01534374958333333
0.0033229166666666667
0.0
0.0
0.0
0.0
0.0
0.0
0.0
0.0
0.0
0.0
0.0
0.0
582.9388186140104
825.7434602953559
838.5969419486197
575.5465454511719
1703.2525712493143
1663.9468616520833
2438.818672950755
2466.58378572138
1158.4509923423698
793.2592054333854
265.61691169804686
256.93863995895833
277.1233666738281
254.41621417002602
0.11319270497395834
0.11030728958333334
27.650913490989584
10.513627520989582
0.0
0.0
0.0
0.0
0.0
6.671822722916667
31.997957356770836
1460.4718416621874
2456.2174348207814
1677.111320522413
1706.1227812464842
1403.8196664634636
1323.5953733452345
1080.9560976991145
549.4859844845313
263.1730326330729
272.08694585229165
280.82035166458337
279.8498274492969
279.9686613719792
280.2959494271094
279.3574461621875
46.46427211770833
15.7780517578125
15.805405680312498
15.814958190937501
15.750223897291667
10.551552073125
15.759207661979167
15.739312235520833
86.46807111114583
222.56608823117188
198.98680769619793
43.74811336960937
0.0
74.24706014
793.9046441734375
746.6150889083855
180.44827601151042
0.0
0.0
54.29476903291667
246.29794197098957
502.4594490058334
503.63789920841145
498.43082637843753
334.1923798954948
278.8057942711458
274.2518218995833
56.33836548611979
3.2444061659375003
0.0
0.0
0.03285416583333333
0.0
0.0
0.0
461.58655726132815
622.4413131714063
613.8736473088281
60.575787862239586
0.046544269453125
231.41884528877605
658.465069580573
788.3340528458074
1328.4902775888281
1302.1484470617709
1031.2997728827343
384.89548286361975
0.02979166614583333
0.06806770578125
0.0
0.0373645828125
0.0
0.0
246.39711303729166
915.374739418672
2174.4945663466146
2747.446808501172
1575.2634389035939
859.4485867825
90.09465993255208
0.0
271.845847575
686.6338788353124
812.2015741989844
994.4433834084115
468.88705889369794
472.48138300549476
406.8689375558854
15.838770548541667
15.972249857499998
16.001791381874998
12.998551432291668
12.991082763645835
15.789551391145833
15.7948537190625
9.279187393229167
7.843155984062499
0.0
0.0
0.0
148.55372594229166
199.42616161836807
""
254.43693069214117
428.0905809088281
712.0144015003125
685.9190878555991
1553.605519105
1652.8760802921615
1517.7564739240886
989.6775184633593
847.9494897566146
407.6208985076823
470.4293287836979
341.75182350414065
214.65273189640627
214.33438885997396
214.46290575679689
214.58261699690104
214.40809771239583
214.8532761259896
215.28491223674482
531.9353143695051
1533.8472019829687
1282.9312674845053
727.398323886302
1833.0258415235414
2313.3101921309376
1517.9153165828905
643.1127259922396
297.1481570921354
286.2743852615625
102.10781598195314
14.507900876067708
14.371853889166667
42.88204346791667
22.027176414296875
0.0
0.0
0.0
0.0
0.0
0.0
0.0
0.0
0.0
314.783187866276
893.401926995026
1471.55057137375
1237.9835912394792
370.12633808471355
1433.71123161375
1643.906996155547
1033.096603903177
724.6468770354687
865.3079823815365
1176.331194687474
376.8535917919271
281.48287289958336
282.89050979627604
279.3944672905989
279.0546969100521
170.25969453947917
7.379406177083332
0.0
0.0
0.0
0.0
0.0
0.0
0.0
0.0
334.4259697038802
1702.8226284033854
2255.014469363828
1693.4983986874306
1508.383742717283
1523.6200990760417
1453.5463954899217
876.4873831334029
322.86224640221354
312.49852825703124
220.70166123705727
220.7348015470573
219.24218215945314
65.71396764145834
0.0
0.01222656171875
0.0
0.0
0.0
0.0
0.0
0.0
0.0
0.0
0.0
0.0
0.0
0.0
278.57732696531247
1083.3627705895572
1085.3183162696093
660.8760954850001
215.1523229597656
302.36239166276044
890.5337160754167
1064.1388868972397
432.6887544140886
282.29307276453125
220.58363323216145
21.75230662005208
0.0
0.0
0.0
0.0
0.0
0.0
266.618287404375
423.10329500804687
342.1359087628386
447.6977435159115
1175.9163084032552
1338.6242639552777
1364.9796519608594
1434.75830224375
929.488901202526
1119.2549532326302
1316.5520554864584
1105.2493054079166
517.3042689222135
0.0
0.0
0.0
0.0
0.0
0.0
0.0
0.0
0.0
0.0
246.15124613458332
744.328422292474
2719.3985582353907
2130.6188036583076
548.1791161223958
347.1431850436198
466.3668027883594
476.53052784632814
706.7105719255989
485.598646054349
799.5084166064322
670.6532460528385
224.01130199455727
190.80017069895834
281.78861360572915
279.951008733724
281.01609789572916
155.87175947260417
9.155291498229166
0.0
0.0
0.0
0.0
0.0
0.0
34.7327024459375
211.91942717244794
211.79237041466146
273.3233070378646
560.2249497973697
895.0227683469531
1174.32806739875
868.1094558933681
221.6325306479167
15.943387933645832
285.3590385443132
295.9623932566111
54.25916503911111
0.0
0.0
0.0
0.0
0.0
0.0
0.0
0.0
0.0
0.0
0.0
505.22369721788885
1471.1236811449721
1603.334795329111
1628.0747479926665
1588.3951716234074
1683.9628600216113
1723.8194902220462
1418.2826789244446
1749.512173719139
835.86478971775
997.596117418611
926.8099242652778
349.2984242761667
72.96503975752779
308.7659592013333
718.54713080575
723.4531488714723
712.7129020184167
714.854327799861
303.1886564128056
0.0
0.0
0.0
0.0
0.0
587.7645681423888
1490.178834998213
1695.3067367894446
1568.5868127442225
1014.6015927211112
566.1163159180278
1684.8111262346667
1251.6462453131944
617.2201407880556
1289.8228865564722
2427.428238187306
3301.6773198812225
2962.1354626483057
557.4266433719445
0.0
0.0
0.0
0.0
0.0
0.0
0.0
0.0
0.0
36.448032588185185
33.614652845694444
706.1011474611944
697.9330851241389
1845.7141471365553
1400.5424514432223
291.88733951355556
0.0
370.14874566025003
196.11741807733335
624.5852376306389
18.751699761333334
0.0
0.0
0.0
0.0
0.0
0.0
0.0
0.0
0.0
0.0
0.0
0.0
0.0
0.0
0.0
0.0
0.0
0.0
69.03028740766666
215.19740085180558
170.12483235694447
14.315549596277778
0.0
0.0
38.193137681694445
231.97339023175002
819.75602532275
933.06015279225
427.2684668652222
230.94464796247223
229.43724168602776
229.73002454983333
229.46679450141664
229.47573479544445
229.50332221141667
339.88676974891666
962.3809664586944
1135.0221421985555
1146.1094158084722
673.3422239174722
279.06369309061114
271.5044548203889
306.73402159620787
286.8471891783889
276.91582500855554
309.0200631803611
779.9240085175555
549.1504213699444
48.37310447080556
15.240533040444445
15.45153293188889
11.477599989
3.8278222656666667
12.732488742444444
59.257457125777776
675.4395515956667
677.8554117840556
676.2308439131389
673.4576445856388
411.8804078509167
378.07922904975
742.3989765087778
31.458377019555556
56.267760027722225
52.41540150958333
90.840600654
91.27354814305555
164.96976813436112
68.080381911
44.089340786305556
475.12946234844446
427.8683111279445
21.105388454777778
0.0
0.0
0.0
0.0
0.0
0.0
0.0
0.0
0.0
0.0
0.0
158.4076318361389
732.4301546231111
1142.4764805102777
970.3547088631944
971.0702952751667
629.2310546884166
246.47639226322224
451.4379292978611
567.4960413953334
874.0814383911389
728.4528979496945
727.720219184139
686.7462086489444
582.4923098419445
112.80664116755557
198.2991533068889
0.0
0.0
0.0
0.0
0.0
0.0
0.0
0.0
0.03396666633333333
0.0
0.0
0.0
0.0
0.0
0.0
21.435266384444446
213.38925577811113
431.34642705277776
548.6108310276389
506.47331325994446
725.6184011503611
724.9497317171111
664.0487288415001
0.0
0.0
0.0
0.0
0.0
0.0
0.0
0.0
0.0
0.0
0.0
0.0
289.3563755969167
294.165829536
266.8406560604722
328.1290735458889
387.9049024800278
0.7240110947777778
0.0
597.3887239251111
435.9893438040555
466.8477812365278
467.6871738013889
467.46726481133334
468.50694593597217
429.11881381577774
253.00199935397222
235.53895657047224
234.41185648627777
88.39304253477778
0.0
""
""
""
""
""
1440.8293006193333
1772.3470198848333
1981.0218013510832
1981.289075182389
1514.763092042028
1397.7692901360278
846.3237184543889
679.2306229359723
747.1419845587777
900.281508517
836.2848211677223
513.8351306834167
349.31297251405556
103.89786737052778
89.65478400341667
103.7509365881111
105.3994421523611
105.39834579541667
88.86413655599999
90.26312840458333
0.44991109744444446
0.6553277629722222
78.99289015308334
4.731544313972223
81.17520934527778
114.09672746647222
82.79337829583334
82.58411468472222
78.61553427069445
76.08452057716667
21.85418565525
1.1336944259444444
0.5389444267777778
0.0
0.0
0.0
0.0
0.0
0.0
0.0
0.25867777322222224
0.5198916557222222
0.6913333263333333
0.6475110937777777
0.7173305329444445
0.8005527539999999
1021.7262250438611
825.2730527750834
714.2929115127778
711.0106027565278
708.3183951831389
461.79134521497224
868.8296513539999
1426.9118691774445
1224.7873174369445
1869.8363225038609
2799.4604352502497
1809.1998952925276
1002.0951395674167
766.8217508222223
179.79072808155556
0.0
0.0
0.0
0.0
0.0
0.0
0.0
0.0
659.8931724721667
978.0995241973334
945.5579855008612
781.1500761409721
1970.350991380713
2286.8908656686945
1423.6638376950928
997.5253399302222
921.9962296221668
914.0863382307223
685.8504703954444
1399.2363235141945
180.13848912716665
228.20186109774997
354.0269249805
470.7433466936667
466.30116346616666
467.39761786608335
468.38898742613884
468.3886389165278
318.61114339213884
231.99368879344445
228.96664679680555
696.8093084036389
1021.19475063775
1489.6430935341946
807.0743849015834
656.9589770508055
565.2890174697222
728.7769287115278
769.3020627851666
439.5792556430556
0.0
0.0
0.0
0.0
0.0
0.0
0.0
0.0
0.0
0.0
0.0
0.0
0.0
0.0
0.0
0.0
0.0
676.7174621584168
682.1485757110555
54.00019802522222
0.0
679.9754972335556
858.4655154082501
857.1928591586111
861.0849028866667
502.8870569980833
0.0
0.0
0.0
0.0
0.0
0.0
0.0
0.0
0.0
0.0
0.0
0.0
0.0
0.0
0.0
0.0
0.0
203.77164510105555
688.7489735243611
1408.6477037225557
1049.58927436025
0.0
0.0
811.2334191358333
666.77750461175
682.1332781309721
516.4586528868056
34.60117662505555
0.0
95.97306966144444
230.45323676233335
230.2263722058611
232.13223225930557
232.5513704431111
232.25662577294446
233.06836730955555
232.1616063991389
96.55242858891665
3.8216221787777775
6.629861111111111
663.7138241824999
1411.08960881225
1994.1675526448887
2529.2003002552315
2462.3509515623887
2094.581009646565
1275.7847367463519
1575.7879132021112
2385.5250665021927
2943.90716582624
2544.805988054137
2643.5286383648413
921.6611829115774
0.0
0.0
0.0
0.0
15.455252205148808
0.6821041483333333
0.743324388154762
26.834752458154764
6.694868883511906
0.3186190367857143
0.043380951666666674
188.0711414157143
1325.607609632381
1136.0716354373512
1046.4774930681845
609.3734808116072
418.47299633315475
305.2386439440774
304.9667772570833
305.880853416875
306.31527869848213
302.92721470491074
303.68632158565475
303.6725543792262
306.09201296901784
121.9353062225
0.0
